137,17
136,11
135,29
0,565
0,564
0,563
0,562
0,561
0,560
0,559
0,558
0,557
0,556
0,555
0,554
152,37
152,36
152,35
137,22
137,21
137,20
137,24
137,35
137,34
134,6
123,1
123,3
120,1
120,3
113,4
113,1
113,3
109,4
109,1
109,3
0,273
0,270
106,1
106,3
10,126
9,5
8,14
10,158
10,117
10,298
10,184
10,268
10,13
11,25
11,8
11,7
11,18
8,4
8,18
8,11
8,15
0,541
137,19
137,18
137,16
137,15
137,14
137,13
137,12
137,11
137,10
137,9
137,8
137,7
137,6
137,5
137,4
137,3
137,2
137,1
137,0
136,8
136,7
136,6
136,5
136,4
136,3
136,2
136,1
136,0
135,24
135,23
135,22
135,21
135,20
135,19
135,18
135,17
135,16
135,15
135,14
135,13
135,12
135,11
135,10
135,9
135,8
135,7
135,6
135,5
135,4
135,3
135,2
135,1
135,0
134,4
134,3
134,2
134,1
134,0
133,4
133,3
133,2
133,1
133,0
132,5
132,4
132,3
132,2
132,1
132,0
129,4
129,3
129,2
129,1
129,0
128,5
128,4
128,3
128,2
128,1
128,0
126,5
126,4
126,1
